batches: 149200
clocks: {all: 189.350405315, batch: 169.3631154716686, train: 180.06815539801573,
  validate: 8.705728737989375}
epochs: 47
samples: 4774400
sessions: 4
version: 3
